(0, 2) - 2
(1, 2) - 2
(1, 4) - 2
(1, 5) - 2
(1, 6) - 2
(1, 7) - 2
(1, 8) - 2
(1, 9) - 2
(1, 10) - 2
(2, 2) - 2
(2, 4) - 2
(3, 4) - 2
(4, 4) - 2
(5, 20) - 2
(6, 20) - 2
(7, 20) - 2
(8, 20) - 2
(9, 20) - 2
(10, 20) - 2
(10, 21) - 2
(11, 21) - 2
(12, 21) - 2
(12, 23) - 2
(13, 23) - 2
(13, 25) - 2
(13, 26) - 2
(13, 27) - 2
(13, 28) - 2
(13, 31) - 2
(13, 32) - 2
(14, 17) - 2
(15, 17) - 2
(15, 18) - 2
(16, 20) - 2
(16, 25) - 2
(16, 26) - 2
(0, 3) - 1
(0, 4) - 1
(0, 5) - 1
(0, 6) - 1
(0, 7) - 1
(0, 8) - 1
(0, 9) - 1
(0, 10) - 1
(0, 20) - 1
(0, 25) - 1
(0, 26) - 1
(0, 36) - 1
(0, 37) - 1
(0, 38) - 1
(0, 39) - 1
(1, 11) - 1
(1, 20) - 1
(1, 22) - 1
(1, 23) - 1
(1, 24) - 1
(1, 25) - 1
(1, 26) - 1
(1, 34) - 1
(1, 35) - 1
(1, 36) - 1
(1, 39) - 1
(1, 40) - 1
(2, 0) - 1
(2, 1) - 1
(2, 11) - 1
(2, 20) - 1
(2, 22) - 1
(2, 26) - 1
(2, 27) - 1
(2, 28) - 1
(2, 33) - 1
(2, 34) - 1
(2, 40) - 1
(2, 41) - 1
(3, 2) - 1
(3, 11) - 1
(3, 20) - 1
(3, 22) - 1
(3, 28) - 1
(3, 29) - 1
(3, 30) - 1
(3, 31) - 1
(3, 32) - 1
(3, 33) - 1
(4, 2) - 1
(4, 3) - 1
(4, 11) - 1
(4, 20) - 1
(4, 22) - 1
(5, 4) - 1
(5, 11) - 1
(5, 21) - 1
(5, 22) - 1
(6, 4) - 1
(6, 8) - 1
(6, 9) - 1
(6, 10) - 1
(6, 11) - 1
(7, 4) - 1
(7, 8) - 1
(7, 31) - 1
(7, 35) - 1
(7, 36) - 1
(7, 37) - 1
(7, 38) - 1
(8, 4) - 1
(8, 8) - 1
(8, 21) - 1
(8, 22) - 1
(8, 23) - 1
(8, 24) - 1
(8, 25) - 1
(8, 31) - 1
(8, 35) - 1
(8, 38) - 1
(9, 3) - 1
(9, 4) - 1
(9, 8) - 1
(9, 21) - 1
(9, 25) - 1
(9, 31) - 1
(9, 35) - 1
(9, 37) - 1
(9, 38) - 1
(10, 3) - 1
(10, 4) - 1
(10, 8) - 1
(10, 19) - 1
(10, 22) - 1
(10, 23) - 1
(10, 25) - 1
(10, 31) - 1
(10, 32) - 1
(10, 35) - 1
(10, 37) - 1
(11, 4) - 1
(11, 8) - 1
(11, 17) - 1
(11, 18) - 1
(11, 19) - 1
(11, 20) - 1
(11, 23) - 1
(11, 25) - 1
(11, 32) - 1
(11, 35) - 1
(11, 37) - 1
(12, 4) - 1
(12, 5) - 1
(12, 8) - 1
(12, 17) - 1
(12, 20) - 1
(12, 22) - 1
(12, 25) - 1
(12, 32) - 1
(12, 33) - 1
(12, 34) - 1
(12, 35) - 1
(12, 36) - 1
(12, 37) - 1
(13, 2) - 1
(13, 3) - 1
(13, 4) - 1
(13, 5) - 1
(13, 8) - 1
(13, 17) - 1
(13, 20) - 1
(13, 21) - 1
(13, 24) - 1
(13, 29) - 1
(13, 30) - 1
(13, 33) - 1
(13, 36) - 1
(14, 2) - 1
(14, 8) - 1
(14, 10) - 1
(14, 11) - 1
(14, 12) - 1
(14, 13) - 1
(14, 14) - 1
(14, 15) - 1
(14, 16) - 1
(14, 18) - 1
(14, 19) - 1
(14, 20) - 1
(14, 21) - 1
(14, 22) - 1
(14, 23) - 1
(14, 25) - 1
(14, 26) - 1
(14, 28) - 1
(14, 29) - 1
(14, 30) - 1
(14, 31) - 1
(14, 36) - 1
(15, 2) - 1
(15, 8) - 1
(15, 10) - 1
(15, 16) - 1
(15, 19) - 1
(15, 20) - 1
(15, 25) - 1
(15, 26) - 1
(15, 27) - 1
(15, 28) - 1
(15, 29) - 1
(15, 35) - 1
(15, 36) - 1
(16, 2) - 1
(16, 8) - 1
(16, 9) - 1
(16, 10) - 1
(16, 18) - 1
(16, 19) - 1
(16, 21) - 1
(16, 22) - 1
(16, 23) - 1
(16, 24) - 1
(16, 27) - 1
(16, 29) - 1
(16, 30) - 1
(16, 31) - 1
(16, 32) - 1
(16, 33) - 1
(16, 34) - 1
(16, 35) - 1
