(0, 9) - 2
(0, 10) - 2
(2, 10) - 2
(2, 11) - 2
(4, 11) - 2
(4, 12) - 2
(4, 13) - 2
(0, 6) - 1
(0, 7) - 1
(0, 8) - 1
(0, 11) - 1
(0, 12) - 1
(1, 5) - 1
(1, 6) - 1
(1, 10) - 1
(1, 11) - 1
(1, 12) - 1
(2, 5) - 1
(3, 1) - 1
(3, 2) - 1
(3, 3) - 1
(3, 4) - 1
(3, 5) - 1
(3, 9) - 1
(3, 10) - 1
(3, 11) - 1
(4, 1) - 1
(4, 9) - 1
(4, 10) - 1
(4, 14) - 1
(5, 1) - 1
(5, 7) - 1
(5, 8) - 1
(5, 13) - 1
(5, 14) - 1
(6, 1) - 1
(6, 7) - 1
(6, 8) - 1
(6, 13) - 1
(6, 14) - 1
(7, 1) - 1
(7, 2) - 1
(7, 3) - 1
(7, 7) - 1
(7, 8) - 1
(7, 13) - 1
(7, 14) - 1
