(42, 17) - 2
(45, 6) - 2
(50, 2) - 2
(51, 2) - 2
(52, 3) - 2
(52, 4) - 2
(27, 19) - 1
(27, 20) - 1
(28, 18) - 1
(28, 19) - 1
(28, 20) - 1
(29, 18) - 1
(30, 18) - 1
(30, 19) - 1
(31, 14) - 1
(31, 15) - 1
(31, 16) - 1
(31, 17) - 1
(31, 18) - 1
(31, 19) - 1
(32, 12) - 1
(32, 13) - 1
(32, 14) - 1
(33, 6) - 1
(33, 7) - 1
(33, 8) - 1
(33, 9) - 1
(33, 10) - 1
(33, 11) - 1
(33, 12) - 1
(34, 6) - 1
(35, 5) - 1
(35, 6) - 1
(36, 5) - 1
(37, 5) - 1
(38, 5) - 1
(39, 5) - 1
(40, 4) - 1
(40, 5) - 1
(41, 4) - 1
(41, 5) - 1
(41, 6) - 1
(41, 16) - 1
(41, 17) - 1
(42, 6) - 1
(42, 18) - 1
(43, 6) - 1
(43, 18) - 1
(44, 6) - 1
(44, 7) - 1
(44, 8) - 1
(44, 9) - 1
(44, 18) - 1
(45, 1) - 1
(45, 2) - 1
(45, 3) - 1
(45, 4) - 1
(45, 5) - 1
(45, 8) - 1
(45, 9) - 1
(45, 18) - 1
(45, 19) - 1
(45, 20) - 1
(46, 1) - 1
(46, 6) - 1
(46, 7) - 1
(46, 8) - 1
(46, 20) - 1
(47, 1) - 1
(47, 2) - 1
(47, 6) - 1
(47, 15) - 1
(47, 16) - 1
(47, 18) - 1
(47, 19) - 1
(47, 20) - 1
(48, 2) - 1
(48, 6) - 1
(48, 15) - 1
(48, 16) - 1
(48, 17) - 1
(48, 18) - 1
(49, 2) - 1
(49, 6) - 1
(49, 15) - 1
(49, 16) - 1
(49, 17) - 1
(50, 0) - 1
(50, 1) - 1
(50, 6) - 1
(50, 15) - 1
(50, 16) - 1
(50, 17) - 1
(50, 18) - 1
(50, 19) - 1
(50, 20) - 1
(51, 0) - 1
(51, 1) - 1
(51, 3) - 1
(51, 4) - 1
(51, 5) - 1
(51, 6) - 1
(51, 17) - 1
(51, 18) - 1
(52, 0) - 1
(52, 1) - 1
(52, 2) - 1
(53, 4) - 1
(53, 5) - 1
(54, 5) - 1
(54, 6) - 1
(54, 7) - 1
(54, 8) - 1
(54, 13) - 1
(54, 14) - 1
(55, 8) - 1
(55, 13) - 1
(55, 14) - 1
(56, 0) - 1
(56, 8) - 1
(56, 9) - 1
(56, 10) - 1
(56, 11) - 1
(56, 13) - 1
(56, 14) - 1
(56, 17) - 1
(56, 18) - 1
(56, 19) - 1
(56, 20) - 1
(57, 8) - 1
(57, 9) - 1
(57, 11) - 1
(57, 12) - 1
(57, 13) - 1
(57, 14) - 1
(57, 15) - 1
(57, 16) - 1
(57, 17) - 1
