(9, 21) - 1
(9, 22) - 1
(9, 23) - 1
(9, 24) - 1
(9, 25) - 1
(9, 26) - 1
(10, 21) - 1
(10, 26) - 1
(11, 21) - 1
(11, 26) - 1
(11, 27) - 1
(11, 28) - 1
(11, 29) - 1
(11, 30) - 1
(11, 31) - 1
(11, 32) - 1
(11, 33) - 1
(12, 10) - 1
(12, 11) - 1
(12, 12) - 1
(12, 13) - 1
(12, 14) - 1
(12, 15) - 1
(12, 16) - 1
(12, 17) - 1
(12, 18) - 1
(12, 19) - 1
(12, 20) - 1
(12, 21) - 1
(12, 33) - 1
(13, 10) - 1
(13, 33) - 1
(14, 10) - 1
(14, 33) - 1
(15, 10) - 1
(16, 10) - 1
(17, 10) - 1
(18, 10) - 1
(19, 10) - 1
(20, 7) - 1
(20, 8) - 1
(20, 9) - 1
(20, 10) - 1
(21, 7) - 1
(22, 7) - 1
(22, 8) - 1
(30, 0) - 1
(30, 36) - 1
(30, 37) - 1
(30, 38) - 1
(31, 36) - 1
(31, 37) - 1
(32, 36) - 1
(32, 37) - 1
(33, 36) - 1
(34, 10) - 1
(34, 36) - 1
(35, 10) - 1
(35, 11) - 1
(35, 12) - 1
(35, 13) - 1
(35, 14) - 1
(35, 15) - 1
(35, 16) - 1
(35, 17) - 1
(35, 18) - 1
(35, 35) - 1
(35, 36) - 1
(36, 18) - 1
(36, 19) - 1
(36, 20) - 1
(36, 21) - 1
(36, 22) - 1
(36, 23) - 1
(36, 24) - 1
(36, 35) - 1
(37, 24) - 1
(37, 25) - 1
(37, 26) - 1
(37, 27) - 1
(37, 28) - 1
(37, 29) - 1
(37, 30) - 1
(37, 35) - 1
(38, 30) - 1
(38, 31) - 1
(38, 32) - 1
(38, 33) - 1
(38, 34) - 1
(38, 35) - 1
