(14, 7) - 2
(18, 6) - 2
(4, 9) - 1
(4, 10) - 1
(4, 11) - 1
(5, 5) - 1
(5, 6) - 1
(5, 7) - 1
(5, 8) - 1
(5, 9) - 1
(5, 11) - 1
(6, 3) - 1
(6, 4) - 1
(6, 5) - 1
(6, 11) - 1
(7, 6) - 1
(7, 7) - 1
(7, 8) - 1
(7, 9) - 1
(7, 10) - 1
(7, 11) - 1
(8, 3) - 1
(8, 4) - 1
(8, 6) - 1
(8, 8) - 1
(8, 9) - 1
(9, 0) - 1
(9, 1) - 1
(9, 2) - 1
(9, 3) - 1
(9, 4) - 1
(9, 5) - 1
(9, 6) - 1
(9, 8) - 1
(9, 9) - 1
(9, 10) - 1
(9, 11) - 1
(10, 4) - 1
(10, 5) - 1
(10, 6) - 1
(10, 7) - 1
(10, 8) - 1
(11, 4) - 1
(11, 5) - 1
(11, 6) - 1
(11, 7) - 1
(12, 7) - 1
(13, 7) - 1
(14, 3) - 1
(14, 4) - 1
(14, 5) - 1
(14, 6) - 1
(14, 8) - 1
(15, 3) - 1
(15, 7) - 1
(15, 8) - 1
(15, 9) - 1
(16, 3) - 1
(16, 4) - 1
(16, 5) - 1
(16, 7) - 1
(16, 9) - 1
(16, 10) - 1
(16, 11) - 1
(17, 5) - 1
(17, 6) - 1
(17, 7) - 1
(17, 11) - 1
(18, 5) - 1
(18, 7) - 1
(18, 11) - 1
(19, 6) - 1
(19, 7) - 1
(19, 8) - 1
(19, 11) - 1
(20, 6) - 1
(20, 8) - 1
(20, 9) - 1
(20, 10) - 1
(20, 11) - 1
(21, 6) - 1
(22, 6) - 1
(23, 5) - 1
(23, 6) - 1
(24, 5) - 1
(25, 4) - 1
(25, 5) - 1
(26, 4) - 1
(27, 4) - 1
(28, 4) - 1
(29, 4) - 1
(30, 4) - 1
(31, 4) - 1
(32, 0) - 1
(32, 1) - 1
(32, 4) - 1
(32, 5) - 1
(32, 6) - 1
(32, 7) - 1
(32, 8) - 1
(32, 9) - 1
(32, 10) - 1
(32, 11) - 1
(33, 1) - 1
(34, 1) - 1
(35, 1) - 1
(36, 1) - 1
(37, 1) - 1
(38, 1) - 1
(38, 2) - 1
(38, 9) - 1
(38, 10) - 1
(38, 11) - 1
(39, 2) - 1
(39, 3) - 1
(39, 9) - 1
(39, 11) - 1
(40, 3) - 1
(40, 4) - 1
(40, 8) - 1
(40, 9) - 1
(40, 11) - 1
(41, 4) - 1
(41, 5) - 1
(41, 6) - 1
(41, 7) - 1
(41, 8) - 1
(41, 11) - 1
(42, 11) - 1
(43, 9) - 1
(43, 10) - 1
(43, 11) - 1
(44, 8) - 1
(44, 9) - 1
(45, 7) - 1
(45, 8) - 1
(46, 5) - 1
(46, 6) - 1
(46, 7) - 1
(47, 4) - 1
(47, 5) - 1
(48, 4) - 1
(49, 3) - 1
(49, 4) - 1
(50, 1) - 1
(50, 2) - 1
(50, 3) - 1
(51, 1) - 1
(52, 1) - 1
(52, 2) - 1
(52, 3) - 1
(52, 4) - 1
(53, 4) - 1
(53, 5) - 1
(54, 5) - 1
(54, 6) - 1
(54, 7) - 1
(54, 8) - 1
(55, 8) - 1
(55, 9) - 1
(56, 8) - 1
(56, 9) - 1
(57, 8) - 1
(57, 9) - 1
(58, 9) - 1
(59, 0) - 1
(59, 9) - 1
(59, 10) - 1
(59, 11) - 1
