(4, 1) - 2
(5, 1) - 2
(0, 27) - 1
(0, 28) - 1
(0, 29) - 1
(0, 30) - 1
(0, 31) - 1
(0, 32) - 1
(0, 33) - 1
(0, 34) - 1
(1, 27) - 1
(1, 34) - 1
(2, 27) - 1
(2, 28) - 1
(2, 29) - 1
(2, 30) - 1
(2, 31) - 1
(2, 32) - 1
(2, 33) - 1
(2, 34) - 1
(2, 35) - 1
(3, 33) - 1
(3, 35) - 1
(3, 36) - 1
(4, 0) - 1
(4, 2) - 1
(4, 33) - 1
(4, 36) - 1
(4, 37) - 1
(5, 0) - 1
(5, 2) - 1
(5, 33) - 1
(5, 37) - 1
(5, 38) - 1
(6, 0) - 1
(6, 1) - 1
(6, 2) - 1
(6, 3) - 1
(6, 4) - 1
(6, 33) - 1
(6, 38) - 1
(6, 39) - 1
(7, 0) - 1
(7, 4) - 1
(7, 33) - 1
(7, 39) - 1
(8, 0) - 1
(8, 4) - 1
(8, 5) - 1
(8, 6) - 1
(8, 7) - 1
(8, 33) - 1
(8, 39) - 1
(8, 86) - 1
(8, 87) - 1
(8, 88) - 1
(9, 0) - 1
(9, 4) - 1
(9, 5) - 1
(9, 7) - 1
(9, 28) - 1
(9, 29) - 1
(9, 30) - 1
(9, 31) - 1
(9, 32) - 1
(9, 33) - 1
(9, 39) - 1
(9, 88) - 1
(10, 0) - 1
(10, 7) - 1
(10, 27) - 1
(10, 28) - 1
(10, 39) - 1
(10, 88) - 1
(10, 89) - 1
(11, 0) - 1
(11, 7) - 1
(11, 8) - 1
(11, 9) - 1
(11, 10) - 1
(11, 11) - 1
(11, 12) - 1
(11, 13) - 1
(11, 21) - 1
(11, 22) - 1
(11, 23) - 1
(11, 24) - 1
(11, 27) - 1
(11, 39) - 1
(11, 89) - 1
(12, 0) - 1
(12, 13) - 1
(12, 21) - 1
(12, 22) - 1
(12, 24) - 1
(12, 25) - 1
(12, 26) - 1
(12, 27) - 1
(12, 39) - 1
(12, 89) - 1
(13, 0) - 1
(13, 13) - 1
(13, 21) - 1
(13, 22) - 1
(13, 39) - 1
(13, 89) - 1
(13, 90) - 1
(13, 91) - 1
(14, 13) - 1
(14, 14) - 1
(14, 15) - 1
(14, 16) - 1
(14, 17) - 1
(14, 18) - 1
(14, 19) - 1
(14, 20) - 1
(14, 21) - 1
(14, 39) - 1
(14, 40) - 1
(14, 41) - 1
(14, 42) - 1
(14, 43) - 1
(14, 44) - 1
(14, 45) - 1
