(20, 3) - 3
(21, 3) - 3
(22, 3) - 3
(23, 3) - 3
(1, 4) - 2
(1, 5) - 2
(2, 5) - 2
(19, 3) - 2
(23, 4) - 2
(23, 5) - 2
(24, 3) - 2
(25, 3) - 2
(25, 4) - 2
(26, 4) - 2
(26, 5) - 2
(0, 0) - 1
(0, 1) - 1
(0, 2) - 1
(0, 3) - 1
(0, 4) - 1
(0, 5) - 1
(3, 4) - 1
(3, 5) - 1
(11, 1) - 1
(11, 2) - 1
(11, 3) - 1
(12, 0) - 1
(12, 1) - 1
(12, 3) - 1
(13, 3) - 1
(14, 2) - 1
(14, 3) - 1
(15, 2) - 1
(16, 2) - 1
(17, 2) - 1
(17, 3) - 1
(18, 3) - 1
(19, 1) - 1
(19, 2) - 1
(20, 1) - 1
(20, 4) - 1
(20, 5) - 1
(21, 1) - 1
(21, 5) - 1
(22, 1) - 1
(22, 4) - 1
(22, 5) - 1
(23, 1) - 1
(23, 2) - 1
(24, 5) - 1
(25, 1) - 1
(25, 2) - 1
(26, 1) - 1
(26, 2) - 1
(26, 3) - 1
(27, 3) - 1
(27, 4) - 1
(27, 5) - 1
(28, 0) - 1
(28, 1) - 1
(28, 2) - 1
(28, 3) - 1
(28, 4) - 1
(28, 5) - 1
(29, 0) - 1
(29, 1) - 1
(29, 2) - 1
(29, 3) - 1
(30, 3) - 1
(30, 4) - 1
(31, 4) - 1
(32, 4) - 1
