(20, 1) - 2
(20, 2) - 2
(20, 3) - 2
(20, 4) - 2
(0, 40) - 1
(0, 41) - 1
(0, 42) - 1
(0, 43) - 1
(1, 0) - 1
(1, 1) - 1
(1, 2) - 1
(1, 3) - 1
(1, 40) - 1
(1, 41) - 1
(1, 43) - 1
(2, 3) - 1
(2, 41) - 1
(3, 3) - 1
(3, 40) - 1
(3, 41) - 1
(4, 3) - 1
(4, 40) - 1
(5, 3) - 1
(5, 40) - 1
(6, 3) - 1
(6, 40) - 1
(6, 41) - 1
(7, 3) - 1
(7, 4) - 1
(7, 40) - 1
(7, 41) - 1
(8, 4) - 1
(8, 5) - 1
(8, 6) - 1
(8, 40) - 1
(9, 5) - 1
(9, 6) - 1
(9, 7) - 1
(9, 8) - 1
(9, 9) - 1
(9, 10) - 1
(9, 11) - 1
(9, 12) - 1
(9, 13) - 1
(9, 14) - 1
(9, 15) - 1
(9, 16) - 1
(9, 17) - 1
(9, 40) - 1
(10, 7) - 1
(10, 17) - 1
(10, 18) - 1
(10, 40) - 1
(10, 41) - 1
(10, 42) - 1
(11, 7) - 1
(11, 8) - 1
(11, 10) - 1
(11, 11) - 1
(11, 12) - 1
(11, 13) - 1
(11, 14) - 1
(11, 15) - 1
(11, 18) - 1
(11, 42) - 1
(12, 8) - 1
(12, 10) - 1
(12, 15) - 1
(12, 16) - 1
(12, 18) - 1
(12, 42) - 1
(12, 43) - 1
(13, 7) - 1
(13, 8) - 1
(13, 10) - 1
(13, 16) - 1
(13, 17) - 1
(13, 18) - 1
(13, 43) - 1
(14, 7) - 1
(14, 10) - 1
(14, 11) - 1
(14, 12) - 1
(14, 13) - 1
(14, 43) - 1
(15, 7) - 1
(15, 13) - 1
(15, 14) - 1
(15, 15) - 1
(15, 16) - 1
(15, 17) - 1
(15, 43) - 1
(16, 6) - 1
(16, 7) - 1
(16, 14) - 1
(16, 15) - 1
(16, 16) - 1
(16, 17) - 1
(16, 42) - 1
(16, 43) - 1
(17, 4) - 1
(17, 5) - 1
(17, 6) - 1
(17, 14) - 1
(17, 41) - 1
(17, 42) - 1
(18, 4) - 1
(18, 14) - 1
(18, 40) - 1
(18, 41) - 1
(19, 4) - 1
(19, 12) - 1
(19, 13) - 1
(19, 14) - 1
(19, 40) - 1
(20, 0) - 1
(20, 5) - 1
(20, 6) - 1
(20, 7) - 1
(20, 8) - 1
(20, 9) - 1
(20, 10) - 1
(20, 11) - 1
(20, 12) - 1
(20, 40) - 1
(20, 41) - 1
(20, 42) - 1
(20, 43) - 1
