(25, 17) - 2
(26, 17) - 2
(27, 17) - 2
(33, 18) - 2
(25, 2) - 1
(25, 3) - 1
(25, 4) - 1
(25, 5) - 1
(25, 6) - 1
(25, 16) - 1
(25, 18) - 1
(26, 3) - 1
(26, 4) - 1
(26, 5) - 1
(26, 6) - 1
(26, 16) - 1
(26, 18) - 1
(26, 19) - 1
(26, 20) - 1
(26, 21) - 1
(26, 22) - 1
(26, 23) - 1
(26, 24) - 1
(27, 16) - 1
(27, 18) - 1
(27, 19) - 1
(27, 24) - 1
(27, 25) - 1
(27, 26) - 1
(27, 27) - 1
(27, 28) - 1
(27, 29) - 1
(27, 30) - 1
(27, 31) - 1
(28, 15) - 1
(28, 16) - 1
(28, 17) - 1
(28, 18) - 1
(28, 19) - 1
(28, 31) - 1
(29, 15) - 1
(29, 18) - 1
(29, 19) - 1
(29, 31) - 1
(30, 15) - 1
(30, 31) - 1
(30, 32) - 1
(30, 33) - 1
(30, 34) - 1
(30, 35) - 1
(30, 36) - 1
(30, 37) - 1
(31, 13) - 1
(31, 15) - 1
(31, 37) - 1
(31, 38) - 1
(31, 39) - 1
(31, 40) - 1
(31, 41) - 1
(32, 13) - 1
(32, 14) - 1
(32, 15) - 1
(32, 17) - 1
(32, 18) - 1
(32, 19) - 1
(32, 41) - 1
(32, 42) - 1
(32, 43) - 1
(33, 12) - 1
(33, 13) - 1
(33, 14) - 1
(33, 15) - 1
(33, 17) - 1
(33, 19) - 1
(33, 43) - 1
(34, 11) - 1
(34, 12) - 1
(34, 16) - 1
(34, 17) - 1
(34, 18) - 1
(34, 42) - 1
(34, 43) - 1
(35, 11) - 1
(35, 12) - 1
(35, 13) - 1
(35, 14) - 1
(35, 15) - 1
(35, 16) - 1
