(2, 5) - 1
(3, 5) - 1
(4, 5) - 1
(5, 5) - 1
(6, 5) - 1
(7, 5) - 1
(8, 5) - 1
(9, 5) - 1
(10, 5) - 1
(11, 5) - 1
(12, 5) - 1
(13, 5) - 1
(14, 5) - 1
(15, 0) - 1
(15, 5) - 1
(16, 0) - 1
(17, 0) - 1
(18, 0) - 1
(19, 0) - 1
(20, 0) - 1
(20, 1) - 1
(21, 0) - 1
(21, 1) - 1
(22, 0) - 1
(22, 1) - 1
(23, 0) - 1
(23, 1) - 1
(24, 0) - 1
(24, 1) - 1
(25, 0) - 1
(25, 1) - 1
(26, 0) - 1
(26, 1) - 1
(27, 0) - 1
(27, 1) - 1
(27, 2) - 1
(28, 0) - 1
(28, 2) - 1
(29, 0) - 1
(29, 2) - 1
(29, 3) - 1
(29, 4) - 1
(29, 5) - 1
(30, 0) - 1
(30, 5) - 1
(31, 0) - 1
(31, 5) - 1
(32, 0) - 1
(32, 2) - 1
(32, 3) - 1
(32, 4) - 1
(32, 5) - 1
(33, 0) - 1
(33, 1) - 1
(33, 2) - 1
(34, 0) - 1
(34, 1) - 1
(56, 4) - 1
(56, 5) - 1
(57, 5) - 1
(58, 5) - 1
(59, 5) - 1
(60, 5) - 1
(61, 5) - 1
(62, 4) - 1
(62, 5) - 1
(63, 4) - 1
(63, 5) - 1
