(0, 36) - 1
(1, 36) - 1
(1, 37) - 1
(1, 38) - 1
(1, 39) - 1
(1, 40) - 1
(1, 41) - 1
(1, 42) - 1
(1, 43) - 1
(1, 44) - 1
(1, 45) - 1
(1, 46) - 1
(1, 47) - 1
(2, 46) - 1
(2, 47) - 1
(3, 45) - 1
(3, 46) - 1
(4, 44) - 1
(4, 45) - 1
(5, 43) - 1
(5, 44) - 1
(6, 42) - 1
(6, 43) - 1
(7, 42) - 1
(8, 42) - 1
(9, 40) - 1
(9, 41) - 1
(9, 42) - 1
(45, 65) - 1
(45, 66) - 1
(45, 67) - 1
(45, 68) - 1
(45, 69) - 1
(45, 70) - 1
(45, 71) - 1
(45, 72) - 1
(45, 73) - 1
(45, 74) - 1
(46, 0) - 1
(46, 47) - 1
(46, 48) - 1
(46, 49) - 1
(46, 50) - 1
(46, 51) - 1
(46, 52) - 1
(46, 53) - 1
(46, 54) - 1
(46, 55) - 1
(46, 56) - 1
(46, 57) - 1
(46, 58) - 1
(46, 59) - 1
(46, 60) - 1
(46, 61) - 1
(46, 62) - 1
(46, 63) - 1
(46, 64) - 1
(46, 65) - 1
(46, 74) - 1
(46, 75) - 1
(46, 76) - 1
(46, 77) - 1
(46, 78) - 1
(46, 79) - 1
(47, 46) - 1
(47, 47) - 1
(48, 45) - 1
(48, 46) - 1
(49, 44) - 1
(49, 45) - 1
(50, 44) - 1
(51, 41) - 1
(51, 42) - 1
(51, 43) - 1
(51, 44) - 1
(52, 41) - 1
(52, 42) - 1
(53, 42) - 1
(54, 41) - 1
(54, 42) - 1
(55, 40) - 1
(55, 41) - 1
(56, 39) - 1
(56, 40) - 1
(57, 39) - 1
(58, 31) - 1
(58, 32) - 1
(58, 33) - 1
(58, 34) - 1
(58, 35) - 1
(58, 39) - 1
(59, 31) - 1
(59, 35) - 1
(59, 36) - 1
(59, 37) - 1
(59, 38) - 1
(59, 39) - 1
(60, 31) - 1
(60, 33) - 1
(60, 34) - 1
(60, 35) - 1
(60, 36) - 1
(60, 37) - 1
(61, 31) - 1
(61, 32) - 1
(61, 33) - 1
(61, 37) - 1
(62, 36) - 1
(62, 37) - 1
