(4, 24) - 3
(4, 23) - 2
(4, 25) - 2
(4, 26) - 2
(5, 25) - 2
(5, 26) - 2
(6, 25) - 2
(7, 25) - 2
(7, 26) - 2
(8, 24) - 2
(8, 26) - 2
(9, 26) - 2
(10, 26) - 2
(24, 27) - 2
(26, 26) - 2
(27, 26) - 2
(34, 23) - 2
(34, 24) - 2
(34, 25) - 2
(35, 23) - 2
(38, 37) - 2
(39, 33) - 2
(39, 37) - 2
(3, 24) - 1
(3, 25) - 1
(3, 26) - 1
(4, 20) - 1
(4, 21) - 1
(4, 22) - 1
(4, 27) - 1
(4, 28) - 1
(4, 29) - 1
(5, 20) - 1
(5, 23) - 1
(5, 24) - 1
(5, 29) - 1
(5, 30) - 1
(5, 31) - 1
(6, 20) - 1
(6, 23) - 1
(6, 24) - 1
(6, 26) - 1
(6, 31) - 1
(7, 20) - 1
(7, 23) - 1
(7, 24) - 1
(7, 31) - 1
(8, 20) - 1
(8, 21) - 1
(8, 23) - 1
(8, 25) - 1
(8, 31) - 1
(9, 21) - 1
(9, 24) - 1
(9, 25) - 1
(9, 31) - 1
(10, 21) - 1
(10, 24) - 1
(10, 25) - 1
(10, 27) - 1
(10, 28) - 1
(10, 29) - 1
(10, 30) - 1
(10, 31) - 1
(11, 21) - 1
(11, 24) - 1
(11, 25) - 1
(11, 26) - 1
(11, 27) - 1
(12, 21) - 1
(12, 27) - 1
(13, 21) - 1
(13, 27) - 1
(14, 21) - 1
(14, 27) - 1
(15, 21) - 1
(15, 27) - 1
(16, 21) - 1
(16, 22) - 1
(16, 23) - 1
(16, 27) - 1
(17, 23) - 1
(17, 24) - 1
(17, 27) - 1
(17, 28) - 1
(18, 24) - 1
(18, 25) - 1
(18, 28) - 1
(18, 29) - 1
(18, 30) - 1
(19, 25) - 1
(19, 26) - 1
(19, 30) - 1
(20, 26) - 1
(20, 27) - 1
(20, 30) - 1
(21, 27) - 1
(21, 30) - 1
(22, 27) - 1
(22, 30) - 1
(23, 27) - 1
(23, 30) - 1
(24, 26) - 1
(24, 28) - 1
(24, 29) - 1
(24, 30) - 1
(25, 26) - 1
(25, 27) - 1
(26, 27) - 1
(27, 25) - 1
(28, 13) - 1
(28, 14) - 1
(28, 15) - 1
(28, 16) - 1
(28, 24) - 1
(28, 25) - 1
(28, 26) - 1
(28, 27) - 1
(28, 28) - 1
(28, 29) - 1
(29, 13) - 1
(29, 16) - 1
(29, 24) - 1
(29, 29) - 1
(29, 30) - 1
(29, 31) - 1
(29, 32) - 1
(29, 33) - 1
(29, 34) - 1
(30, 12) - 1
(30, 13) - 1
(30, 16) - 1
(30, 24) - 1
(30, 25) - 1
(30, 34) - 1
(31, 8) - 1
(31, 9) - 1
(31, 10) - 1
(31, 11) - 1
(31, 12) - 1
(31, 16) - 1
(31, 24) - 1
(31, 25) - 1
(31, 34) - 1
(32, 8) - 1
(32, 16) - 1
(32, 17) - 1
(32, 18) - 1
(32, 19) - 1
(32, 24) - 1
(32, 25) - 1
(32, 34) - 1
(33, 8) - 1
(33, 19) - 1
(33, 20) - 1
(33, 25) - 1
(33, 34) - 1
(33, 35) - 1
(33, 36) - 1
(33, 37) - 1
(33, 38) - 1
(33, 39) - 1
(33, 40) - 1
(33, 41) - 1
(33, 42) - 1
(34, 0) - 1
(34, 1) - 1
(34, 2) - 1
(34, 3) - 1
(34, 4) - 1
(34, 8) - 1
(34, 20) - 1
(34, 26) - 1
(34, 27) - 1
(34, 28) - 1
(34, 29) - 1
(34, 33) - 1
(34, 34) - 1
(34, 35) - 1
(34, 36) - 1
(34, 37) - 1
(34, 42) - 1
(34, 43) - 1
(34, 47) - 1
(35, 4) - 1
(35, 6) - 1
(35, 7) - 1
(35, 8) - 1
(35, 20) - 1
(35, 21) - 1
(35, 22) - 1
(35, 29) - 1
(35, 30) - 1
(35, 33) - 1
(35, 34) - 1
(35, 35) - 1
(35, 36) - 1
(35, 37) - 1
(35, 43) - 1
(35, 44) - 1
(36, 4) - 1
(36, 5) - 1
(36, 6) - 1
(36, 23) - 1
(36, 24) - 1
(36, 25) - 1
(36, 26) - 1
(36, 27) - 1
(36, 28) - 1
(36, 30) - 1
(36, 36) - 1
(36, 37) - 1
(36, 38) - 1
(36, 39) - 1
(36, 44) - 1
(36, 45) - 1
(37, 28) - 1
(37, 30) - 1
(37, 31) - 1
(37, 32) - 1
(37, 33) - 1
(37, 36) - 1
(37, 39) - 1
(37, 45) - 1
(38, 28) - 1
(38, 33) - 1
(38, 36) - 1
(38, 38) - 1
(38, 39) - 1
(38, 45) - 1
(38, 46) - 1
(39, 28) - 1
(39, 29) - 1
(39, 30) - 1
(39, 31) - 1
(39, 32) - 1
(39, 34) - 1
(39, 35) - 1
(39, 36) - 1
(39, 38) - 1
(39, 39) - 1
(39, 40) - 1
(39, 41) - 1
(39, 42) - 1
(39, 43) - 1
(39, 44) - 1
(39, 45) - 1
(39, 46) - 1
(40, 33) - 1
(40, 37) - 1
(40, 45) - 1
(40, 46) - 1
(41, 33) - 1
(41, 34) - 1
(41, 35) - 1
(41, 36) - 1
(41, 37) - 1
(41, 45) - 1
(41, 46) - 1
(42, 45) - 1
(42, 46) - 1
(43, 45) - 1
(43, 46) - 1
