(1, 78) - 3
(4, 77) - 3
(5, 77) - 3
(6, 77) - 3
(0, 79) - 2
(0, 80) - 2
(0, 82) - 2
(1, 77) - 2
(1, 79) - 2
(2, 77) - 2
(2, 78) - 2
(3, 77) - 2
(6, 76) - 2
(7, 76) - 2
(8, 74) - 2
(8, 75) - 2
(11, 71) - 2
(11, 72) - 2
(11, 73) - 2
(0, 13) - 1
(0, 14) - 1
(0, 15) - 1
(0, 16) - 1
(0, 17) - 1
(0, 31) - 1
(0, 77) - 1
(0, 78) - 1
(0, 81) - 1
(0, 83) - 1
(0, 84) - 1
(0, 85) - 1
(0, 86) - 1
(1, 10) - 1
(1, 11) - 1
(1, 12) - 1
(1, 13) - 1
(1, 17) - 1
(1, 31) - 1
(1, 80) - 1
(1, 81) - 1
(1, 82) - 1
(2, 10) - 1
(2, 17) - 1
(2, 18) - 1
(2, 19) - 1
(2, 20) - 1
(2, 31) - 1
(3, 10) - 1
(3, 20) - 1
(3, 21) - 1
(3, 31) - 1
(3, 78) - 1
(4, 6) - 1
(4, 7) - 1
(4, 8) - 1
(4, 9) - 1
(4, 10) - 1
(4, 21) - 1
(4, 22) - 1
(4, 31) - 1
(4, 78) - 1
(5, 6) - 1
(5, 22) - 1
(5, 23) - 1
(5, 31) - 1
(6, 6) - 1
(6, 7) - 1
(6, 23) - 1
(6, 24) - 1
(7, 5) - 1
(7, 6) - 1
(7, 7) - 1
(7, 24) - 1
(7, 25) - 1
(7, 75) - 1
(7, 77) - 1
(8, 4) - 1
(8, 5) - 1
(8, 25) - 1
(8, 26) - 1
(8, 71) - 1
(8, 72) - 1
(8, 73) - 1
(8, 76) - 1
(8, 77) - 1
(9, 3) - 1
(9, 4) - 1
(9, 26) - 1
(9, 27) - 1
(9, 29) - 1
(9, 30) - 1
(9, 71) - 1
(9, 73) - 1
(9, 74) - 1
(9, 77) - 1
(9, 78) - 1
(10, 3) - 1
(10, 27) - 1
(10, 28) - 1
(10, 29) - 1
(10, 30) - 1
(10, 71) - 1
(10, 73) - 1
(10, 78) - 1
(11, 3) - 1
(11, 30) - 1
(11, 31) - 1
(11, 70) - 1
(11, 78) - 1
(12, 0) - 1
(12, 1) - 1
(12, 2) - 1
(12, 3) - 1
(12, 31) - 1
(12, 68) - 1
(12, 69) - 1
(12, 70) - 1
(12, 71) - 1
(12, 72) - 1
(12, 73) - 1
(12, 78) - 1
(12, 80) - 1
(12, 81) - 1
(12, 82) - 1
(12, 86) - 1
(12, 87) - 1
(12, 88) - 1
(12, 89) - 1
(13, 31) - 1
(13, 68) - 1
(13, 69) - 1
(13, 70) - 1
(13, 71) - 1
(13, 72) - 1
(13, 73) - 1
(13, 74) - 1
(13, 75) - 1
(13, 76) - 1
(13, 77) - 1
(13, 78) - 1
(13, 80) - 1
(13, 82) - 1
(13, 86) - 1
