(62, 26) - 2
(0, 28) - 1
(1, 28) - 1
(2, 28) - 1
(2, 29) - 1
(3, 29) - 1
(3, 30) - 1
(3, 31) - 1
(4, 14) - 1
(4, 15) - 1
(4, 16) - 1
(4, 31) - 1
(5, 13) - 1
(5, 14) - 1
(5, 16) - 1
(5, 17) - 1
(5, 27) - 1
(5, 28) - 1
(5, 31) - 1
(6, 12) - 1
(6, 13) - 1
(6, 17) - 1
(6, 26) - 1
(6, 27) - 1
(6, 28) - 1
(6, 29) - 1
(6, 30) - 1
(6, 31) - 1
(7, 11) - 1
(7, 12) - 1
(7, 17) - 1
(7, 26) - 1
(8, 10) - 1
(8, 11) - 1
(8, 17) - 1
(8, 18) - 1
(8, 19) - 1
(8, 20) - 1
(8, 21) - 1
(8, 22) - 1
(8, 23) - 1
(8, 24) - 1
(8, 25) - 1
(8, 26) - 1
(9, 10) - 1
(10, 10) - 1
(11, 10) - 1
(11, 11) - 1
(12, 11) - 1
(13, 11) - 1
(14, 11) - 1
(15, 11) - 1
(15, 12) - 1
(15, 13) - 1
(15, 14) - 1
(16, 6) - 1
(16, 7) - 1
(16, 8) - 1
(16, 9) - 1
(16, 10) - 1
(16, 11) - 1
(16, 14) - 1
(17, 6) - 1
(17, 11) - 1
(17, 12) - 1
(17, 13) - 1
(17, 14) - 1
(18, 6) - 1
(18, 13) - 1
(18, 14) - 1
(19, 6) - 1
(20, 5) - 1
(20, 6) - 1
(21, 4) - 1
(21, 5) - 1
(22, 3) - 1
(22, 4) - 1
(23, 3) - 1
(24, 0) - 1
(24, 1) - 1
(24, 2) - 1
(24, 3) - 1
(60, 26) - 1
(60, 27) - 1
(61, 26) - 1
(61, 27) - 1
(62, 27) - 1
(63, 26) - 1
(64, 26) - 1
(65, 26) - 1
(66, 26) - 1
(66, 27) - 1
(67, 27) - 1
(68, 27) - 1
(68, 28) - 1
(69, 28) - 1
(70, 28) - 1
