(0, 25) - 1
(0, 26) - 1
(0, 27) - 1
(0, 28) - 1
(0, 29) - 1
(0, 30) - 1
(0, 31) - 1
(0, 32) - 1
(0, 33) - 1
(1, 33) - 1
(2, 33) - 1
(3, 33) - 1
(4, 33) - 1
(5, 33) - 1
(5, 34) - 1
(5, 35) - 1
(6, 35) - 1
(7, 14) - 1
(7, 15) - 1
(7, 16) - 1
(7, 17) - 1
(7, 18) - 1
(7, 19) - 1
(7, 20) - 1
(7, 21) - 1
(7, 22) - 1
(7, 23) - 1
(7, 24) - 1
(7, 25) - 1
(7, 26) - 1
(7, 27) - 1
(7, 28) - 1
(7, 29) - 1
(7, 30) - 1
(7, 31) - 1
(7, 32) - 1
(7, 33) - 1
(7, 34) - 1
(7, 35) - 1
(16, 29) - 1
(16, 30) - 1
(16, 31) - 1
(16, 32) - 1
(16, 33) - 1
(16, 34) - 1
(17, 29) - 1
(17, 34) - 1
(18, 29) - 1
(18, 33) - 1
(18, 34) - 1
(19, 27) - 1
(19, 28) - 1
(19, 29) - 1
(20, 26) - 1
(20, 27) - 1
(21, 25) - 1
(21, 26) - 1
(22, 25) - 1
(23, 25) - 1
(24, 25) - 1
(25, 25) - 1
(26, 24) - 1
(26, 25) - 1
(27, 24) - 1
(28, 24) - 1
(28, 25) - 1
(28, 26) - 1
(28, 27) - 1
(28, 28) - 1
(28, 29) - 1
(28, 30) - 1
(28, 31) - 1
(28, 32) - 1
(28, 33) - 1
